1,1,617,128,20,50,1,-1,-1,-1
2,1,616,128,20,50,1,-1,-1,-1
3,1,613,127,23,51,1,-1,-1,-1
4,1,614,128,22,51,1,-1,-1,-1
5,1,613,128,23,51,1,-1,-1,-1
6,1,614,128,22,51,1,-1,-1,-1
7,1,614,128,21,51,1,-1,-1,-1
8,1,614,129,20,51,1,-1,-1,-1
9,1,614,130,20,50,1,-1,-1,-1
10,1,614,129,20,51,1,-1,-1,-1
12,1,614,128,20,52,1,-1,-1,-1
13,1,614,128,19,52,1,-1,-1,-1
14,1,613,128,21,52,1,-1,-1,-1
15,1,613,127,21,54,1,-1,-1,-1
16,1,613,128,21,53,1,-1,-1,-1
17,1,614,128,20,53,1,-1,-1,-1
18,1,613,128,22,53,1,-1,-1,-1
19,1,614,129,22,52,1,-1,-1,-1
20,1,615,129,21,53,1,-1,-1,-1
21,1,615,128,23,53,1,-1,-1,-1
22,1,615,129,23,53,1,-1,-1,-1
23,1,615,128,24,53,1,-1,-1,-1
24,1,617,127,22,54,1,-1,-1,-1
25,1,617,127,23,54,1,-1,-1,-1
26,1,617,128,23,54,1,-1,-1,-1
27,1,618,128,21,54,1,-1,-1,-1
28,1,619,128,21,54,1,-1,-1,-1
30,1,619,129,21,54,1,-1,-1,-1
31,1,619,128,21,56,1,-1,-1,-1
32,1,620,128,20,56,1,-1,-1,-1
33,1,619,129,21,55,1,-1,-1,-1
34,1,620,129,20,55,1,-1,-1,-1
35,1,619,129,22,55,1,-1,-1,-1
37,1,619,128,22,56,1,-1,-1,-1
39,1,619,129,22,55,1,-1,-1,-1
40,1,619,129,22,56,1,-1,-1,-1
41,1,619,128,22,56,1,-1,-1,-1
42,1,619,129,23,56,1,-1,-1,-1
43,1,618,128,24,57,1,-1,-1,-1
44,1,619,129,23,57,1,-1,-1,-1
45,1,619,128,23,58,1,-1,-1,-1
46,1,619,129,23,56,1,-1,-1,-1
47,1,619,127,23,58,1,-1,-1,-1
48,1,618,127,24,58,1,-1,-1,-1
49,1,614,127,28,58,1,-1,-1,-1
51,1,614,128,28,58,1,-1,-1,-1
52,1,613,128,28,58,1,-1,-1,-1
53,1,614,129,27,57,1,-1,-1,-1
54,1,615,128,25,58,1,-1,-1,-1
55,1,615,129,24,58,1,-1,-1,-1
56,1,615,129,23,58,1,-1,-1,-1
60,1,615,127,23,60,1,-1,-1,-1
61,1,614,128,23,59,1,-1,-1,-1
62,1,614,129,23,59,1,-1,-1,-1
63,1,613,128,24,60,1,-1,-1,-1
64,1,613,129,24,59,1,-1,-1,-1
65,1,613,129,24,60,1,-1,-1,-1
66,1,614,130,23,59,1,-1,-1,-1
67,1,615,130,22,60,1,-1,-1,-1
68,1,614,130,24,60,1,-1,-1,-1
69,1,615,130,24,60,1,-1,-1,-1
70,1,615,129,24,61,1,-1,-1,-1
71,1,614,128,27,62,1,-1,-1,-1
73,1,613,128,28,62,1,-1,-1,-1
75,1,613,128,28,63,1,-1,-1,-1
76,1,613,129,27,61,1,-1,-1,-1
77,1,614,130,26,61,1,-1,-1,-1
78,1,614,130,24,62,1,-1,-1,-1
79,1,614,130,24,61,1,-1,-1,-1
80,1,613,130,24,61,1,-1,-1,-1
81,1,613,129,24,62,1,-1,-1,-1
82,1,613,128,23,64,1,-1,-1,-1
83,1,612,130,24,62,1,-1,-1,-1
84,1,612,129,25,62,1,-1,-1,-1
85,1,612,127,25,64,1,-1,-1,-1
86,1,611,128,25,66,1,-1,-1,-1
87,1,611,129,25,65,1,-1,-1,-1
88,1,611,130,25,63,1,-1,-1,-1
91,1,612,130,24,63,1,-1,-1,-1
92,1,612,130,25,63,1,-1,-1,-1
94,1,612,130,25,65,1,-1,-1,-1
95,1,610,129,28,66,1,-1,-1,-1
96,1,610,129,28,65,1,-1,-1,-1
97,1,610,128,28,66,1,-1,-1,-1
98,1,610,130,28,66,1,-1,-1,-1
99,1,612,130,26,66,1,-1,-1,-1
100,1,612,131,26,65,1,-1,-1,-1
101,1,611,131,26,65,1,-1,-1,-1
102,1,614,131,24,65,1,-1,-1,-1
103,1,614,131,24,67,1,-1,-1,-1
105,1,613,131,26,66,1,-1,-1,-1
108,1,613,130,26,67,1,-1,-1,-1
109,1,613,131,26,67,1,-1,-1,-1
110,1,614,131,25,67,1,-1,-1,-1
111,1,613,130,26,69,1,-1,-1,-1
112,1,614,132,26,67,1,-1,-1,-1
113,1,614,132,26,68,1,-1,-1,-1
114,1,616,132,25,68,1,-1,-1,-1
115,1,616,132,26,69,1,-1,-1,-1
116,1,617,133,26,67,1,-1,-1,-1
117,1,617,133,27,67,1,-1,-1,-1
118,1,618,132,27,67,1,-1,-1,-1
119,1,618,131,27,69,1,-1,-1,-1
120,1,617,131,29,70,1,-1,-1,-1
122,1,616,131,30,70,1,-1,-1,-1
123,1,616,132,30,69,1,-1,-1,-1
124,1,616,132,30,70,1,-1,-1,-1
125,1,617,132,28,70,1,-1,-1,-1
126,1,618,133,26,70,1,-1,-1,-1
127,1,618,132,25,71,1,-1,-1,-1
128,1,617,132,26,71,1,-1,-1,-1
129,1,617,133,26,70,1,-1,-1,-1
130,1,617,132,26,71,1,-1,-1,-1
131,1,616,132,27,72,1,-1,-1,-1
132,1,616,131,27,72,1,-1,-1,-1
133,1,615,132,28,72,1,-1,-1,-1
134,1,614,132,29,73,1,-1,-1,-1
135,1,614,132,28,73,1,-1,-1,-1
136,1,614,133,28,71,1,-1,-1,-1
137,1,614,133,29,73,1,-1,-1,-1
138,1,614,133,28,74,1,-1,-1,-1
140,1,615,134,27,73,1,-1,-1,-1
141,1,615,133,28,74,1,-1,-1,-1
143,1,614,132,30,75,1,-1,-1,-1
144,1,613,132,31,75,1,-1,-1,-1
145,1,611,133,34,75,1,-1,-1,-1
146,1,611,133,34,76,1,-1,-1,-1
147,1,610,133,33,76,1,-1,-1,-1
148,1,611,133,32,75,1,-1,-1,-1
149,1,612,134,30,76,1,-1,-1,-1
150,1,611,134,30,77,1,-1,-1,-1
151,1,611,135,29,75,1,-1,-1,-1
152,1,611,134,29,76,1,-1,-1,-1
153,1,611,134,27,76,1,-1,-1,-1
154,1,611,133,27,77,1,-1,-1,-1
155,1,611,134,27,76,1,-1,-1,-1
156,1,611,133,27,77,1,-1,-1,-1
157,1,610,134,28,78,1,-1,-1,-1
158,1,609,134,29,78,1,-1,-1,-1
159,1,610,134,28,79,1,-1,-1,-1
160,1,610,134,29,79,1,-1,-1,-1
161,1,610,135,29,79,1,-1,-1,-1
162,1,611,135,29,80,1,-1,-1,-1
163,1,612,135,29,80,1,-1,-1,-1
164,1,613,135,29,80,1,-1,-1,-1
165,1,613,134,30,81,1,-1,-1,-1
166,1,612,133,32,82,1,-1,-1,-1
169,1,612,134,32,82,1,-1,-1,-1
170,1,613,135,32,82,1,-1,-1,-1
171,1,614,135,30,82,1,-1,-1,-1
172,1,614,136,30,82,1,-1,-1,-1
173,1,614,136,29,83,1,-1,-1,-1
174,1,614,136,28,83,1,-1,-1,-1
176,1,613,135,29,84,1,-1,-1,-1
180,1,613,135,29,85,1,-1,-1,-1
181,1,613,136,29,85,1,-1,-1,-1
182,1,612,136,30,86,1,-1,-1,-1
183,1,613,137,29,85,1,-1,-1,-1
184,1,614,139,29,84,1,-1,-1,-1
185,1,615,139,29,84,1,-1,-1,-1
186,1,615,139,31,85,1,-1,-1,-1
187,1,615,139,32,85,1,-1,-1,-1
188,1,615,138,33,86,1,-1,-1,-1
189,1,617,137,33,87,1,-1,-1,-1
190,1,617,136,34,88,1,-1,-1,-1
191,1,618,136,33,88,1,-1,-1,-1
192,1,619,138,33,88,1,-1,-1,-1
193,1,619,138,33,89,1,-1,-1,-1
194,1,620,138,33,89,1,-1,-1,-1
195,1,621,138,33,89,1,-1,-1,-1
196,1,622,141,31,88,1,-1,-1,-1
197,1,622,140,31,90,1,-1,-1,-1
199,1,622,139,31,90,1,-1,-1,-1
200,1,621,139,34,91,1,-1,-1,-1
202,1,622,138,34,92,1,-1,-1,-1
203,1,623,137,32,94,1,-1,-1,-1
204,1,623,138,33,95,1,-1,-1,-1
205,1,624,139,33,95,1,-1,-1,-1
206,1,623,140,34,94,1,-1,-1,-1
207,1,624,141,35,94,1,-1,-1,-1
208,1,626,142,35,94,1,-1,-1,-1
209,1,627,142,34,95,1,-1,-1,-1
210,1,627,141,35,95,1,-1,-1,-1
211,1,629,141,35,96,1,-1,-1,-1
212,1,630,139,35,98,1,-1,-1,-1
213,1,630,139,37,98,1,-1,-1,-1
214,1,631,138,37,99,1,-1,-1,-1
215,1,631,139,38,99,1,-1,-1,-1
216,1,632,139,37,100,1,-1,-1,-1
217,1,633,140,36,100,1,-1,-1,-1
218,1,634,141,36,100,1,-1,-1,-1
219,1,634,142,37,100,1,-1,-1,-1
220,1,634,142,36,101,1,-1,-1,-1
221,1,634,143,35,101,1,-1,-1,-1
222,1,634,142,35,101,1,-1,-1,-1
223,1,634,141,36,103,1,-1,-1,-1
224,1,632,140,37,104,1,-1,-1,-1
225,1,632,140,38,103,1,-1,-1,-1
226,1,633,140,37,104,1,-1,-1,-1
227,1,633,140,38,106,1,-1,-1,-1
228,1,633,141,38,107,1,-1,-1,-1
229,1,634,143,38,106,1,-1,-1,-1
230,1,635,144,38,106,1,-1,-1,-1
231,1,636,145,38,106,1,-1,-1,-1
232,1,637,145,39,107,1,-1,-1,-1
233,1,636,145,41,107,1,-1,-1,-1
234,1,637,144,43,108,1,-1,-1,-1
235,1,638,144,44,108,1,-1,-1,-1
236,1,641,143,43,109,1,-1,-1,-1
237,1,641,142,44,110,1,-1,-1,-1
238,1,641,142,44,111,1,-1,-1,-1
239,1,642,143,44,112,1,-1,-1,-1
240,1,643,144,44,111,1,-1,-1,-1
241,1,646,145,40,112,1,-1,-1,-1
242,1,646,146,40,113,1,-1,-1,-1
243,1,646,147,40,112,1,-1,-1,-1
244,1,646,146,38,114,1,-1,-1,-1
245,1,645,146,39,114,1,-1,-1,-1
246,1,645,145,40,115,1,-1,-1,-1
247,1,644,144,41,116,1,-1,-1,-1
248,1,644,143,41,117,1,-1,-1,-1
250,1,644,144,42,118,1,-1,-1,-1
251,1,645,145,41,120,1,-1,-1,-1
252,1,645,146,44,120,1,-1,-1,-1
253,1,647,147,43,121,1,-1,-1,-1
254,1,649,149,41,119,1,-1,-1,-1
255,1,649,149,44,121,1,-1,-1,-1
256,1,649,149,45,121,1,-1,-1,-1
257,1,650,149,48,122,1,-1,-1,-1
258,1,651,148,48,123,1,-1,-1,-1
259,1,654,148,47,123,1,-1,-1,-1
260,1,656,146,48,125,1,-1,-1,-1
261,1,659,146,47,127,1,-1,-1,-1
262,1,662,147,46,128,1,-1,-1,-1
263,1,663,149,46,128,1,-1,-1,-1
264,1,665,150,46,127,1,-1,-1,-1
265,1,667,152,45,126,1,-1,-1,-1
266,1,669,153,44,128,1,-1,-1,-1
267,1,670,153,44,130,1,-1,-1,-1
268,1,671,152,44,131,1,-1,-1,-1
269,1,672,151,44,132,1,-1,-1,-1
270,1,674,150,44,132,1,-1,-1,-1
271,1,675,149,44,134,1,-1,-1,-1
272,1,676,150,45,132,1,-1,-1,-1
273,1,678,150,45,135,1,-1,-1,-1
274,1,679,152,51,136,1,-1,-1,-1
275,1,681,156,55,134,1,-1,-1,-1
276,1,682,158,57,133,1,-1,-1,-1
277,1,681,159,59,134,1,-1,-1,-1
278,1,681,159,59,137,1,-1,-1,-1
279,1,682,158,60,138,1,-1,-1,-1
280,1,683,157,64,139,1,-1,-1,-1
281,1,688,156,63,140,1,-1,-1,-1
282,1,695,155,61,142,1,-1,-1,-1
283,1,702,154,58,142,1,-1,-1,-1
284,1,708,154,53,143,1,-1,-1,-1
285,1,712,155,52,147,1,-1,-1,-1
286,1,715,156,52,148,1,-1,-1,-1
287,1,717,159,52,146,1,-1,-1,-1
288,1,719,161,52,147,1,-1,-1,-1
289,1,720,162,54,147,1,-1,-1,-1
290,1,723,161,53,150,1,-1,-1,-1
291,1,727,161,51,151,1,-1,-1,-1
292,1,729,160,51,152,1,-1,-1,-1
293,1,731,159,54,153,1,-1,-1,-1
294,1,732,158,54,154,1,-1,-1,-1
295,1,735,158,54,154,1,-1,-1,-1
296,1,737,159,53,156,1,-1,-1,-1
297,1,740,161,57,158,1,-1,-1,-1
298,1,742,162,64,159,1,-1,-1,-1
299,1,745,165,64,159,1,-1,-1,-1
300,1,745,167,67,160,1,-1,-1,-1
301,1,746,169,64,161,1,-1,-1,-1
302,1,745,169,68,162,1,-1,-1,-1
303,1,746,169,72,163,1,-1,-1,-1
304,1,751,168,72,164,1,-1,-1,-1
305,1,756,166,70,166,1,-1,-1,-1
306,1,763,167,67,165,1,-1,-1,-1
307,1,771,165,62,167,1,-1,-1,-1
308,1,779,166,58,170,1,-1,-1,-1
309,1,781,167,59,176,1,-1,-1,-1
310,1,784,171,58,174,1,-1,-1,-1
311,1,785,174,59,173,1,-1,-1,-1
312,1,786,175,60,176,1,-1,-1,-1
313,1,790,177,57,177,1,-1,-1,-1
314,1,791,177,61,178,1,-1,-1,-1
315,1,798,177,56,178,1,-1,-1,-1
316,1,802,175,58,180,1,-1,-1,-1
317,1,801,175,62,180,1,-1,-1,-1
318,1,805,174,61,181,1,-1,-1,-1
319,1,807,175,62,181,1,-1,-1,-1
320,1,810,177,62,186,1,-1,-1,-1
321,1,812,180,73,188,1,-1,-1,-1
322,1,813,183,81,187,1,-1,-1,-1
323,1,813,186,82,189,1,-1,-1,-1
324,1,812,189,83,190,1,-1,-1,-1
325,1,814,190,84,192,1,-1,-1,-1
326,1,815,190,89,192,1,-1,-1,-1
327,1,821,189,89,193,1,-1,-1,-1
328,1,831,187,85,195,1,-1,-1,-1
329,1,840,186,82,196,1,-1,-1,-1
330,1,849,186,77,197,1,-1,-1,-1
331,1,861,187,71,201,1,-1,-1,-1
332,1,863,189,73,206,1,-1,-1,-1
333,1,863,192,78,207,1,-1,-1,-1
334,1,865,194,80,209,1,-1,-1,-1
335,1,866,197,82,211,1,-1,-1,-1
336,1,868,199,87,213,1,-1,-1,-1
337,1,871,199,86,215,1,-1,-1,-1
338,1,880,199,82,215,1,-1,-1,-1
339,1,891,198,75,215,1,-1,-1,-1
340,1,899,197,71,218,1,-1,-1,-1
341,1,904,197,70,217,1,-1,-1,-1
342,1,906,198,72,217,1,-1,-1,-1
343,1,907,200,75,225,1,-1,-1,-1
344,1,905,205,86,227,1,-1,-1,-1
345,1,906,208,99,227,1,-1,-1,-1
346,1,906,213,103,227,1,-1,-1,-1
347,1,907,216,103,231,1,-1,-1,-1
348,1,906,218,112,233,1,-1,-1,-1
349,1,908,219,117,232,1,-1,-1,-1
350,1,915,219,118,232,1,-1,-1,-1
351,1,929,218,109,234,1,-1,-1,-1
352,1,942,217,103,234,1,-1,-1,-1
353,1,956,217,96,235,1,-1,-1,-1
354,1,971,219,87,239,1,-1,-1,-1
355,1,974,223,88,248,1,-1,-1,-1
356,1,973,227,95,249,1,-1,-1,-1
357,1,973,231,101,251,1,-1,-1,-1
358,1,975,235,106,252,1,-1,-1,-1
359,1,976,238,112,254,1,-1,-1,-1
360,1,980,240,115,255,1,-1,-1,-1
361,1,991,242,111,253,1,-1,-1,-1
362,1,1006,243,103,255,1,-1,-1,-1
363,1,1018,244,96,253,1,-1,-1,-1
364,1,1030,243,109,262,1,-1,-1,-1
365,1,1028,257,112,263,1,-1,-1,-1
366,1,1033,260,114,265,1,-1,-1,-1
367,1,1038,263,116,267,1,-1,-1,-1
368,1,1044,267,119,268,1,-1,-1,-1
369,1,1049,270,121,270,1,-1,-1,-1
370,1,1055,274,124,271,1,-1,-1,-1
371,1,1060,277,126,273,1,-1,-1,-1
372,1,1065,280,128,275,1,-1,-1,-1
373,1,1071,284,131,276,1,-1,-1,-1
374,1,1076,287,133,278,1,-1,-1,-1
375,1,1082,291,136,279,1,-1,-1,-1
376,1,1087,294,138,281,1,-1,-1,-1
377,1,1092,297,140,283,1,-1,-1,-1
378,1,1098,301,143,284,1,-1,-1,-1
379,1,1103,304,145,286,1,-1,-1,-1
380,1,1109,308,148,287,1,-1,-1,-1
381,1,1114,311,150,289,1,-1,-1,-1
382,1,1120,315,153,291,1,-1,-1,-1
383,1,1129,318,149,292,1,-1,-1,-1
384,1,1142,322,137,290,1,-1,-1,-1
385,1,1154,324,125,289,1,-1,-1,-1
386,1,1170,338,109,274,1,-1,-1,-1
387,1,1186,356,93,257,1,-1,-1,-1
388,1,1192,362,88,252,1,-1,-1,-1
1,2,595,129,18,48,1,-1,-1,-1
2,2,594,129,18,48,1,-1,-1,-1
3,2,595,130,18,48,1,-1,-1,-1
6,2,595,128,18,50,1,-1,-1,-1
7,2,594,129,18,48,1,-1,-1,-1
8,2,595,129,18,49,1,-1,-1,-1
13,2,594,130,18,49,1,-1,-1,-1
15,2,594,129,18,49,1,-1,-1,-1
16,2,594,130,18,49,1,-1,-1,-1
17,2,594,129,18,50,1,-1,-1,-1
18,2,593,129,18,50,1,-1,-1,-1
19,2,594,129,18,50,1,-1,-1,-1
20,2,593,129,18,51,1,-1,-1,-1
21,2,593,129,18,50,1,-1,-1,-1
22,2,593,130,19,50,1,-1,-1,-1
23,2,593,129,18,52,1,-1,-1,-1
24,2,593,130,19,50,1,-1,-1,-1
25,2,593,130,19,51,1,-1,-1,-1
27,2,593,129,19,51,1,-1,-1,-1
28,2,593,129,19,52,1,-1,-1,-1
29,2,593,129,19,53,1,-1,-1,-1
30,2,593,129,19,52,1,-1,-1,-1
31,2,593,129,19,51,1,-1,-1,-1
32,2,592,130,19,51,1,-1,-1,-1
35,2,591,130,19,52,1,-1,-1,-1
36,2,590,130,19,53,1,-1,-1,-1
37,2,590,130,19,52,1,-1,-1,-1
42,2,589,130,20,53,1,-1,-1,-1
43,2,589,130,19,54,1,-1,-1,-1
44,2,589,130,19,53,1,-1,-1,-1
45,2,589,130,20,53,1,-1,-1,-1
47,2,589,130,19,53,1,-1,-1,-1
48,2,589,130,21,53,1,-1,-1,-1
49,2,589,130,19,53,1,-1,-1,-1
50,2,589,130,21,54,1,-1,-1,-1
52,2,589,130,22,54,1,-1,-1,-1
53,2,589,129,21,55,1,-1,-1,-1
54,2,589,130,21,55,1,-1,-1,-1
55,2,589,129,20,56,1,-1,-1,-1
56,2,589,130,20,55,1,-1,-1,-1
57,2,588,130,21,56,1,-1,-1,-1
58,2,588,130,20,56,1,-1,-1,-1
59,2,588,130,21,56,1,-1,-1,-1
60,2,588,131,20,55,1,-1,-1,-1
62,2,588,130,20,56,1,-1,-1,-1
64,2,588,130,20,57,1,-1,-1,-1
65,2,588,131,20,56,1,-1,-1,-1
67,2,587,131,23,56,1,-1,-1,-1
68,2,588,131,21,56,1,-1,-1,-1
69,2,587,131,22,58,1,-1,-1,-1
70,2,587,131,23,57,1,-1,-1,-1
71,2,587,131,22,57,1,-1,-1,-1
72,2,588,131,21,57,1,-1,-1,-1
73,2,588,131,21,58,1,-1,-1,-1
74,2,588,130,21,59,1,-1,-1,-1
75,2,587,130,22,59,1,-1,-1,-1
76,2,588,130,21,59,1,-1,-1,-1
77,2,588,130,21,58,1,-1,-1,-1
78,2,587,131,22,58,1,-1,-1,-1
79,2,587,131,22,59,1,-1,-1,-1
80,2,587,131,21,59,1,-1,-1,-1
81,2,586,131,21,59,1,-1,-1,-1
84,2,586,131,21,60,1,-1,-1,-1
89,2,586,131,21,61,1,-1,-1,-1
90,2,586,132,21,61,1,-1,-1,-1
91,2,584,132,24,61,1,-1,-1,-1
92,2,585,132,24,61,1,-1,-1,-1
93,2,585,132,23,61,1,-1,-1,-1
94,2,585,131,24,62,1,-1,-1,-1
95,2,585,131,23,62,1,-1,-1,-1
98,2,585,131,22,63,1,-1,-1,-1
100,2,585,132,22,63,1,-1,-1,-1
101,2,584,132,22,63,1,-1,-1,-1
103,2,584,132,22,64,1,-1,-1,-1
105,2,583,132,22,64,1,-1,-1,-1
108,2,583,131,22,66,1,-1,-1,-1
109,2,584,132,22,65,1,-1,-1,-1
111,2,583,133,23,65,1,-1,-1,-1
112,2,584,132,22,65,1,-1,-1,-1
113,2,584,132,22,66,1,-1,-1,-1
114,2,584,132,23,66,1,-1,-1,-1
115,2,583,132,23,66,1,-1,-1,-1
116,2,583,133,23,66,1,-1,-1,-1
117,2,584,132,23,67,1,-1,-1,-1
118,2,582,132,24,67,1,-1,-1,-1
119,2,583,132,23,67,1,-1,-1,-1
120,2,581,133,25,67,1,-1,-1,-1
121,2,583,133,23,67,1,-1,-1,-1
122,2,583,133,23,68,1,-1,-1,-1
123,2,582,133,23,68,1,-1,-1,-1
125,2,581,133,24,68,1,-1,-1,-1
126,2,581,134,23,68,1,-1,-1,-1
127,2,580,133,24,69,1,-1,-1,-1
129,2,580,133,25,69,1,-1,-1,-1
130,2,581,133,24,69,1,-1,-1,-1
131,2,580,133,25,69,1,-1,-1,-1
132,2,580,134,26,70,1,-1,-1,-1
133,2,579,133,27,70,1,-1,-1,-1
134,2,579,134,27,70,1,-1,-1,-1
135,2,579,134,28,70,1,-1,-1,-1
136,2,580,133,26,71,1,-1,-1,-1
137,2,582,133,24,71,1,-1,-1,-1
138,2,582,134,25,71,1,-1,-1,-1
139,2,581,134,27,72,1,-1,-1,-1
140,2,582,133,24,71,1,-1,-1,-1
141,2,582,133,25,72,1,-1,-1,-1
142,2,582,133,24,72,1,-1,-1,-1
145,2,582,133,25,75,1,-1,-1,-1
147,2,582,134,25,73,1,-1,-1,-1
148,2,582,135,24,73,1,-1,-1,-1
149,2,582,134,26,75,1,-1,-1,-1
150,2,582,134,25,75,1,-1,-1,-1
154,2,582,134,25,76,1,-1,-1,-1
156,2,582,135,27,76,1,-1,-1,-1
157,2,583,136,26,76,1,-1,-1,-1
158,2,583,137,26,75,1,-1,-1,-1
159,2,584,137,26,75,1,-1,-1,-1
160,2,584,136,26,77,1,-1,-1,-1
161,2,584,135,26,78,1,-1,-1,-1
162,2,585,134,27,78,1,-1,-1,-1
163,2,584,135,27,78,1,-1,-1,-1
164,2,584,135,28,79,1,-1,-1,-1
165,2,583,135,29,79,1,-1,-1,-1
166,2,583,136,29,78,1,-1,-1,-1
167,2,583,137,29,78,1,-1,-1,-1
168,2,583,138,29,77,1,-1,-1,-1
169,2,583,137,28,79,1,-1,-1,-1
170,2,583,138,28,78,1,-1,-1,-1
172,2,583,135,28,82,1,-1,-1,-1
174,2,583,136,29,82,1,-1,-1,-1
175,2,583,136,28,83,1,-1,-1,-1
176,2,583,136,29,83,1,-1,-1,-1
178,2,583,136,29,84,1,-1,-1,-1
179,2,583,139,28,82,1,-1,-1,-1
181,2,584,139,28,82,1,-1,-1,-1
182,2,583,139,30,82,1,-1,-1,-1
183,2,584,137,30,84,1,-1,-1,-1
185,2,584,137,31,86,1,-1,-1,-1
187,2,584,137,31,87,1,-1,-1,-1
188,2,584,138,31,85,1,-1,-1,-1
189,2,584,137,31,87,1,-1,-1,-1
190,2,584,139,30,86,1,-1,-1,-1
191,2,584,138,30,88,1,-1,-1,-1
192,2,583,139,31,87,1,-1,-1,-1
193,2,584,139,30,87,1,-1,-1,-1
194,2,584,138,30,89,1,-1,-1,-1
197,2,584,138,30,90,1,-1,-1,-1
198,2,584,138,31,90,1,-1,-1,-1
199,2,584,139,31,91,1,-1,-1,-1
200,2,584,139,32,91,1,-1,-1,-1
201,2,585,140,31,91,1,-1,-1,-1
202,2,585,140,32,92,1,-1,-1,-1
203,2,584,140,34,92,1,-1,-1,-1
204,2,585,140,34,92,1,-1,-1,-1
205,2,585,139,34,93,1,-1,-1,-1
206,2,586,139,34,93,1,-1,-1,-1
208,2,586,139,35,94,1,-1,-1,-1
210,2,586,139,35,95,1,-1,-1,-1
211,2,586,141,35,95,1,-1,-1,-1
212,2,586,141,35,96,1,-1,-1,-1
214,2,586,142,35,95,1,-1,-1,-1
215,2,586,140,34,97,1,-1,-1,-1
216,2,587,140,33,98,1,-1,-1,-1
217,2,586,140,35,97,1,-1,-1,-1
219,2,587,140,33,99,1,-1,-1,-1
220,2,587,141,33,100,1,-1,-1,-1
221,2,588,141,34,100,1,-1,-1,-1
222,2,588,142,33,101,1,-1,-1,-1
223,2,588,142,34,101,1,-1,-1,-1
224,2,589,142,33,102,1,-1,-1,-1
225,2,589,142,35,102,1,-1,-1,-1
226,2,589,141,35,103,1,-1,-1,-1
227,2,590,141,34,103,1,-1,-1,-1
228,2,591,140,34,104,1,-1,-1,-1
229,2,591,141,35,103,1,-1,-1,-1
230,2,592,141,34,105,1,-1,-1,-1
231,2,592,141,34,106,1,-1,-1,-1
232,2,593,141,34,106,1,-1,-1,-1
233,2,593,142,35,107,1,-1,-1,-1
234,2,592,143,36,107,1,-1,-1,-1
235,2,593,143,36,108,1,-1,-1,-1
236,2,592,143,36,108,1,-1,-1,-1
237,2,594,142,34,109,1,-1,-1,-1
238,2,594,143,35,109,1,-1,-1,-1
239,2,595,142,34,110,1,-1,-1,-1
240,2,595,142,35,110,1,-1,-1,-1
241,2,596,142,34,111,1,-1,-1,-1
242,2,595,143,36,112,1,-1,-1,-1
243,2,596,144,38,112,1,-1,-1,-1
244,2,597,144,40,113,1,-1,-1,-1
245,2,599,145,41,113,1,-1,-1,-1
246,2,600,146,40,113,1,-1,-1,-1
247,2,602,145,40,115,1,-1,-1,-1
249,2,604,144,38,115,1,-1,-1,-1
250,2,604,144,39,116,1,-1,-1,-1
251,2,605,144,39,116,1,-1,-1,-1
252,2,606,144,39,117,1,-1,-1,-1
253,2,603,145,42,118,1,-1,-1,-1
254,2,603,146,44,119,1,-1,-1,-1
255,2,603,148,45,118,1,-1,-1,-1
256,2,604,147,44,121,1,-1,-1,-1
257,2,605,148,44,121,1,-1,-1,-1
258,2,603,148,47,120,1,-1,-1,-1
259,2,603,148,48,121,1,-1,-1,-1
260,2,605,147,46,121,1,-1,-1,-1
261,2,607,147,45,121,1,-1,-1,-1
262,2,611,146,42,125,1,-1,-1,-1
263,2,612,148,42,125,1,-1,-1,-1
264,2,613,148,42,127,1,-1,-1,-1
265,2,615,149,43,127,1,-1,-1,-1
266,2,616,150,45,128,1,-1,-1,-1
267,2,618,150,44,128,1,-1,-1,-1
268,2,619,151,44,128,1,-1,-1,-1
269,2,622,150,44,130,1,-1,-1,-1
270,2,623,149,44,131,1,-1,-1,-1
271,2,625,149,44,131,1,-1,-1,-1
272,2,627,149,43,130,1,-1,-1,-1
273,2,628,149,42,131,1,-1,-1,-1
274,2,629,149,43,134,1,-1,-1,-1
275,2,630,150,42,135,1,-1,-1,-1
276,2,631,151,42,135,1,-1,-1,-1
277,2,631,151,42,138,1,-1,-1,-1
278,2,631,152,44,137,1,-1,-1,-1
279,2,632,153,45,137,1,-1,-1,-1
280,2,632,152,46,138,1,-1,-1,-1
281,2,632,151,46,139,1,-1,-1,-1
282,2,632,151,47,139,1,-1,-1,-1
283,2,632,151,48,140,1,-1,-1,-1
284,2,633,151,49,144,1,-1,-1,-1
285,2,635,152,47,145,1,-1,-1,-1
286,2,636,153,49,144,1,-1,-1,-1
287,2,637,154,49,146,1,-1,-1,-1
288,2,639,155,49,146,1,-1,-1,-1
289,2,640,156,49,147,1,-1,-1,-1
290,2,641,156,50,149,1,-1,-1,-1
291,2,643,155,50,149,1,-1,-1,-1
292,2,646,155,50,148,1,-1,-1,-1
293,2,648,154,50,150,1,-1,-1,-1
294,2,649,154,50,152,1,-1,-1,-1
295,2,649,155,51,153,1,-1,-1,-1
296,2,652,157,51,154,1,-1,-1,-1
297,2,653,159,52,155,1,-1,-1,-1
298,2,655,161,52,154,1,-1,-1,-1
299,2,656,161,52,157,1,-1,-1,-1
300,2,658,162,53,158,1,-1,-1,-1
301,2,661,162,53,159,1,-1,-1,-1
302,2,661,162,54,158,1,-1,-1,-1
303,2,664,162,53,159,1,-1,-1,-1
304,2,667,161,53,160,1,-1,-1,-1
305,2,671,160,53,162,1,-1,-1,-1
306,2,673,161,55,165,1,-1,-1,-1
307,2,675,162,56,168,1,-1,-1,-1
308,2,676,164,57,168,1,-1,-1,-1
309,2,677,166,59,168,1,-1,-1,-1
310,2,678,168,60,170,1,-1,-1,-1
311,2,679,169,62,170,1,-1,-1,-1
312,2,679,169,66,171,1,-1,-1,-1
313,2,683,168,65,172,1,-1,-1,-1
314,2,687,167,65,173,1,-1,-1,-1
315,2,695,166,60,175,1,-1,-1,-1
316,2,700,166,59,175,1,-1,-1,-1
317,2,699,167,63,181,1,-1,-1,-1
318,2,699,169,66,181,1,-1,-1,-1
319,2,700,171,68,182,1,-1,-1,-1
320,2,703,174,68,184,1,-1,-1,-1
321,2,705,176,70,185,1,-1,-1,-1
322,2,709,176,69,186,1,-1,-1,-1
323,2,714,177,69,187,1,-1,-1,-1
324,2,720,177,65,187,1,-1,-1,-1
325,2,728,175,62,190,1,-1,-1,-1
326,2,735,175,59,190,1,-1,-1,-1
327,2,738,174,60,192,1,-1,-1,-1
328,2,739,175,63,197,1,-1,-1,-1
329,2,739,178,71,199,1,-1,-1,-1
330,2,741,181,77,198,1,-1,-1,-1
331,2,743,184,77,199,1,-1,-1,-1
332,2,744,185,77,202,1,-1,-1,-1
333,2,744,188,82,201,1,-1,-1,-1
334,2,747,187,85,203,1,-1,-1,-1
335,2,755,186,82,204,1,-1,-1,-1
336,2,766,184,76,206,1,-1,-1,-1
337,2,777,184,71,206,1,-1,-1,-1
338,2,784,184,70,212,1,-1,-1,-1
339,2,784,186,75,218,1,-1,-1,-1
340,2,784,189,82,218,1,-1,-1,-1
341,2,787,193,84,217,1,-1,-1,-1
342,2,791,195,84,221,1,-1,-1,-1
343,2,794,196,85,223,1,-1,-1,-1
344,2,798,197,84,227,1,-1,-1,-1
345,2,805,198,81,227,1,-1,-1,-1
346,2,813,198,78,227,1,-1,-1,-1
347,2,825,198,72,228,1,-1,-1,-1
348,2,834,198,68,228,1,-1,-1,-1
349,2,836,199,72,227,1,-1,-1,-1
350,2,836,200,78,237,1,-1,-1,-1
351,2,837,203,85,240,1,-1,-1,-1
352,2,838,208,93,240,1,-1,-1,-1
353,2,838,212,97,241,1,-1,-1,-1
354,2,838,216,107,243,1,-1,-1,-1
355,2,843,216,110,248,1,-1,-1,-1
356,2,847,218,114,246,1,-1,-1,-1
357,2,858,218,111,246,1,-1,-1,-1
358,2,872,218,103,246,1,-1,-1,-1
359,2,884,218,100,247,1,-1,-1,-1
360,2,896,218,93,253,1,-1,-1,-1
361,2,896,221,101,263,1,-1,-1,-1
362,2,896,226,108,265,1,-1,-1,-1
363,2,897,231,115,264,1,-1,-1,-1
364,2,899,236,121,264,1,-1,-1,-1
365,2,901,241,126,267,1,-1,-1,-1
366,2,911,243,125,270,1,-1,-1,-1
367,2,925,245,120,267,1,-1,-1,-1
368,2,940,247,113,266,1,-1,-1,-1
369,2,957,245,105,268,1,-1,-1,-1
370,2,970,246,100,269,1,-1,-1,-1
371,2,969,247,110,271,1,-1,-1,-1
372,2,970,253,117,276,1,-1,-1,-1
373,2,969,257,128,279,1,-1,-1,-1
374,2,971,264,135,279,1,-1,-1,-1
375,2,973,268,143,283,1,-1,-1,-1
376,2,981,272,146,284,1,-1,-1,-1
377,2,989,274,149,286,1,-1,-1,-1
378,2,998,276,150,283,1,-1,-1,-1
379,2,1015,276,141,284,1,-1,-1,-1
380,2,1036,278,128,282,1,-1,-1,-1
381,2,1056,279,115,283,1,-1,-1,-1
382,2,1060,281,119,298,1,-1,-1,-1
383,2,1058,285,134,307,1,-1,-1,-1
384,2,1060,292,141,307,1,-1,-1,-1
385,2,1065,296,146,309,1,-1,-1,-1
386,2,1071,302,152,309,1,-1,-1,-1
387,2,1079,306,156,312,1,-1,-1,-1
388,2,1087,310,158,311,1,-1,-1,-1
389,2,1096,313,159,310,1,-1,-1,-1
390,2,1115,317,149,305,1,-1,-1,-1
391,2,1131,318,141,306,1,-1,-1,-1
392,2,1136,320,135,304,1,-1,-1,-1
393,2,1137,327,142,309,1,-1,-1,-1
394,2,1144,333,135,315,1,-1,-1,-1
395,2,1152,346,127,311,1,-1,-1,-1
1,3,578,130,17,46,1,-1,-1,-1
3,3,577,130,17,46,1,-1,-1,-1
4,3,578,130,17,47,1,-1,-1,-1
5,3,577,130,17,46,1,-1,-1,-1
7,3,575,130,20,47,1,-1,-1,-1
8,3,573,129,21,49,1,-1,-1,-1
9,3,574,130,19,47,1,-1,-1,-1
10,3,576,130,17,47,1,-1,-1,-1
14,3,577,130,17,48,1,-1,-1,-1
18,3,576,129,19,49,1,-1,-1,-1
19,3,576,129,18,50,1,-1,-1,-1
20,3,576,129,20,49,1,-1,-1,-1
21,3,575,130,18,49,1,-1,-1,-1
22,3,575,130,20,49,1,-1,-1,-1
23,3,574,130,22,49,1,-1,-1,-1
24,3,574,130,21,49,1,-1,-1,-1
25,3,574,130,20,49,1,-1,-1,-1
26,3,574,130,20,50,1,-1,-1,-1
27,3,573,130,21,50,1,-1,-1,-1
29,3,573,130,20,50,1,-1,-1,-1
30,3,573,130,20,51,1,-1,-1,-1
31,3,572,130,21,51,1,-1,-1,-1
32,3,574,130,19,51,1,-1,-1,-1
33,3,573,130,19,51,1,-1,-1,-1
34,3,574,130,18,51,1,-1,-1,-1
36,3,575,130,17,51,1,-1,-1,-1
37,3,575,130,17,52,1,-1,-1,-1
38,3,575,130,16,52,1,-1,-1,-1
39,3,575,130,17,52,1,-1,-1,-1
40,3,574,130,19,52,1,-1,-1,-1
41,3,573,130,20,52,1,-1,-1,-1
42,3,572,130,22,52,1,-1,-1,-1
43,3,572,130,22,53,1,-1,-1,-1
45,3,573,130,21,53,1,-1,-1,-1
46,3,572,130,22,53,1,-1,-1,-1
47,3,573,130,20,53,1,-1,-1,-1
48,3,570,130,23,53,1,-1,-1,-1
49,3,569,130,22,53,1,-1,-1,-1
50,3,569,130,23,54,1,-1,-1,-1
52,3,569,130,22,54,1,-1,-1,-1
54,3,569,130,21,54,1,-1,-1,-1
55,3,569,130,20,54,1,-1,-1,-1
56,3,570,130,20,54,1,-1,-1,-1
57,3,570,130,19,55,1,-1,-1,-1
58,3,571,131,19,54,1,-1,-1,-1
59,3,570,131,21,55,1,-1,-1,-1
60,3,570,130,19,55,1,-1,-1,-1
61,3,569,130,23,55,1,-1,-1,-1
62,3,568,130,24,55,1,-1,-1,-1
63,3,569,130,23,56,1,-1,-1,-1
65,3,569,131,22,55,1,-1,-1,-1
66,3,569,130,23,56,1,-1,-1,-1
67,3,571,131,20,55,1,-1,-1,-1
68,3,570,131,21,56,1,-1,-1,-1
69,3,571,131,20,56,1,-1,-1,-1
70,3,571,131,19,57,1,-1,-1,-1
71,3,569,132,20,56,1,-1,-1,-1
72,3,568,131,21,57,1,-1,-1,-1
73,3,567,131,21,57,1,-1,-1,-1
74,3,565,131,23,57,1,-1,-1,-1
76,3,565,130,23,58,1,-1,-1,-1
77,3,565,131,24,57,1,-1,-1,-1
78,3,565,131,23,57,1,-1,-1,-1
79,3,566,131,22,58,1,-1,-1,-1
80,3,566,131,21,58,1,-1,-1,-1
81,3,566,131,22,58,1,-1,-1,-1
82,3,564,131,23,59,1,-1,-1,-1
83,3,563,131,24,59,1,-1,-1,-1
86,3,563,131,23,59,1,-1,-1,-1
87,3,563,131,24,59,1,-1,-1,-1
88,3,564,131,23,60,1,-1,-1,-1
89,3,565,131,21,60,1,-1,-1,-1
90,3,566,131,20,60,1,-1,-1,-1
91,3,566,132,19,59,1,-1,-1,-1
92,3,565,132,19,60,1,-1,-1,-1
94,3,564,131,20,61,1,-1,-1,-1
95,3,563,132,21,60,1,-1,-1,-1
96,3,562,131,22,61,1,-1,-1,-1
97,3,561,131,22,61,1,-1,-1,-1
100,3,561,131,22,62,1,-1,-1,-1
101,3,560,131,25,62,1,-1,-1,-1
103,3,560,132,25,62,1,-1,-1,-1
105,3,560,132,26,62,1,-1,-1,-1
106,3,560,132,23,63,1,-1,-1,-1
107,3,559,132,23,63,1,-1,-1,-1
110,3,559,132,25,64,1,-1,-1,-1
111,3,558,132,26,64,1,-1,-1,-1
112,3,555,134,29,62,1,-1,-1,-1
113,3,554,133,29,64,1,-1,-1,-1
114,3,554,133,28,65,1,-1,-1,-1
115,3,553,133,29,65,1,-1,-1,-1
116,3,552,133,29,65,1,-1,-1,-1
118,3,553,132,29,66,1,-1,-1,-1
119,3,557,132,25,66,1,-1,-1,-1
121,3,558,132,24,66,1,-1,-1,-1
122,3,559,132,22,67,1,-1,-1,-1
123,3,559,133,22,66,1,-1,-1,-1
124,3,559,133,22,67,1,-1,-1,-1
125,3,559,134,22,66,1,-1,-1,-1
126,3,559,133,22,68,1,-1,-1,-1
128,3,560,133,21,68,1,-1,-1,-1
129,3,559,133,23,68,1,-1,-1,-1
130,3,559,133,23,67,1,-1,-1,-1
131,3,557,133,24,68,1,-1,-1,-1
132,3,554,133,27,69,1,-1,-1,-1
134,3,552,134,29,68,1,-1,-1,-1
135,3,548,135,33,67,1,-1,-1,-1
136,3,547,135,33,68,1,-1,-1,-1
137,3,547,135,33,69,1,-1,-1,-1
138,3,548,135,32,69,1,-1,-1,-1
139,3,549,135,30,69,1,-1,-1,-1
140,3,550,134,29,70,1,-1,-1,-1
141,3,552,134,26,71,1,-1,-1,-1
142,3,554,133,24,71,1,-1,-1,-1
143,3,556,134,23,69,1,-1,-1,-1
144,3,555,134,24,71,1,-1,-1,-1
145,3,556,135,22,71,1,-1,-1,-1
146,3,557,135,22,71,1,-1,-1,-1
147,3,558,135,21,71,1,-1,-1,-1
148,3,557,134,22,73,1,-1,-1,-1
149,3,557,135,23,72,1,-1,-1,-1
151,3,555,135,26,72,1,-1,-1,-1
152,3,554,135,28,72,1,-1,-1,-1
154,3,552,135,31,73,1,-1,-1,-1
155,3,551,135,32,72,1,-1,-1,-1
156,3,553,135,29,75,1,-1,-1,-1
157,3,553,137,30,73,1,-1,-1,-1
158,3,551,137,31,74,1,-1,-1,-1
159,3,552,136,29,74,1,-1,-1,-1
160,3,551,136,29,76,1,-1,-1,-1
162,3,550,136,31,76,1,-1,-1,-1
163,3,550,135,31,77,1,-1,-1,-1
164,3,551,135,30,77,1,-1,-1,-1
165,3,553,136,27,75,1,-1,-1,-1
166,3,554,136,26,77,1,-1,-1,-1
167,3,554,136,26,78,1,-1,-1,-1
169,3,554,137,26,77,1,-1,-1,-1
170,3,553,137,27,78,1,-1,-1,-1
171,3,553,137,27,79,1,-1,-1,-1
172,3,552,137,29,79,1,-1,-1,-1
173,3,551,137,31,79,1,-1,-1,-1
174,3,551,137,32,78,1,-1,-1,-1
175,3,551,136,32,80,1,-1,-1,-1
176,3,550,136,34,80,1,-1,-1,-1
177,3,549,136,34,81,1,-1,-1,-1
178,3,550,137,33,81,1,-1,-1,-1
179,3,550,138,33,81,1,-1,-1,-1
180,3,548,138,34,81,1,-1,-1,-1
181,3,548,138,34,82,1,-1,-1,-1
182,3,545,138,36,83,1,-1,-1,-1
183,3,544,138,36,82,1,-1,-1,-1
184,3,544,137,36,83,1,-1,-1,-1
185,3,544,137,37,83,1,-1,-1,-1
187,3,546,137,33,84,1,-1,-1,-1
188,3,548,138,30,84,1,-1,-1,-1
189,3,551,139,27,83,1,-1,-1,-1
190,3,551,139,27,85,1,-1,-1,-1
191,3,550,139,28,86,1,-1,-1,-1
192,3,551,140,29,84,1,-1,-1,-1
193,3,551,139,30,84,1,-1,-1,-1
194,3,551,139,31,85,1,-1,-1,-1
195,3,550,139,32,85,1,-1,-1,-1
196,3,551,138,32,86,1,-1,-1,-1
197,3,550,138,34,89,1,-1,-1,-1
198,3,550,138,35,89,1,-1,-1,-1
199,3,550,139,35,88,1,-1,-1,-1
200,3,551,140,34,88,1,-1,-1,-1
201,3,552,140,33,89,1,-1,-1,-1
203,3,551,139,33,92,1,-1,-1,-1
204,3,550,140,34,91,1,-1,-1,-1
205,3,550,140,33,90,1,-1,-1,-1
206,3,550,140,33,89,1,-1,-1,-1
207,3,550,140,33,91,1,-1,-1,-1
208,3,550,140,34,91,1,-1,-1,-1
209,3,551,140,33,93,1,-1,-1,-1
210,3,552,140,32,93,1,-1,-1,-1
211,3,552,141,32,94,1,-1,-1,-1
212,3,554,141,30,94,1,-1,-1,-1
213,3,553,141,32,95,1,-1,-1,-1
214,3,553,141,34,95,1,-1,-1,-1
215,3,552,141,35,95,1,-1,-1,-1
216,3,553,141,35,95,1,-1,-1,-1
217,3,553,140,36,95,1,-1,-1,-1
218,3,553,141,37,95,1,-1,-1,-1
219,3,553,141,38,95,1,-1,-1,-1
220,3,554,141,37,97,1,-1,-1,-1
221,3,555,142,36,97,1,-1,-1,-1
222,3,557,142,34,98,1,-1,-1,-1
223,3,559,143,32,98,1,-1,-1,-1
224,3,559,143,33,98,1,-1,-1,-1
225,3,558,144,35,98,1,-1,-1,-1
226,3,557,143,35,98,1,-1,-1,-1
227,3,556,142,37,100,1,-1,-1,-1
228,3,556,142,38,100,1,-1,-1,-1
229,3,556,143,38,99,1,-1,-1,-1
230,3,557,143,38,100,1,-1,-1,-1
231,3,558,143,36,103,1,-1,-1,-1
232,3,560,143,33,104,1,-1,-1,-1
233,3,561,144,31,104,1,-1,-1,-1
234,3,563,144,30,105,1,-1,-1,-1
235,3,564,144,30,105,1,-1,-1,-1
237,3,563,144,33,105,1,-1,-1,-1
238,3,562,144,35,105,1,-1,-1,-1
239,3,561,144,36,105,1,-1,-1,-1
240,3,559,144,40,105,1,-1,-1,-1
241,3,559,144,41,107,1,-1,-1,-1
242,3,559,145,41,108,1,-1,-1,-1
243,3,558,146,43,108,1,-1,-1,-1
244,3,557,147,44,109,1,-1,-1,-1
245,3,558,147,43,109,1,-1,-1,-1
246,3,558,147,44,111,1,-1,-1,-1
247,3,557,147,45,112,1,-1,-1,-1
248,3,557,147,46,111,1,-1,-1,-1
249,3,555,147,48,111,1,-1,-1,-1
250,3,557,146,46,113,1,-1,-1,-1
251,3,557,147,45,111,1,-1,-1,-1
252,3,560,146,44,114,1,-1,-1,-1
253,3,563,146,41,116,1,-1,-1,-1
254,3,563,146,42,117,1,-1,-1,-1
255,3,566,148,39,116,1,-1,-1,-1
256,3,568,147,37,118,1,-1,-1,-1
257,3,569,148,36,118,1,-1,-1,-1
258,3,568,148,39,119,1,-1,-1,-1
260,3,569,148,39,120,1,-1,-1,-1
261,3,570,148,39,118,1,-1,-1,-1
262,3,571,147,39,120,1,-1,-1,-1
263,3,572,149,40,121,1,-1,-1,-1
264,3,573,149,42,124,1,-1,-1,-1
265,3,574,149,43,124,1,-1,-1,-1
266,3,574,150,40,125,1,-1,-1,-1
267,3,575,150,40,126,1,-1,-1,-1
268,3,572,150,45,127,1,-1,-1,-1
269,3,571,149,46,128,1,-1,-1,-1
270,3,570,150,48,127,1,-1,-1,-1
271,3,570,148,50,129,1,-1,-1,-1
272,3,570,149,48,127,1,-1,-1,-1
273,3,574,148,43,128,1,-1,-1,-1
274,3,576,149,41,129,1,-1,-1,-1
275,3,577,150,40,130,1,-1,-1,-1
276,3,580,150,38,133,1,-1,-1,-1
277,3,581,152,37,132,1,-1,-1,-1
278,3,583,153,36,130,1,-1,-1,-1
279,3,583,152,38,134,1,-1,-1,-1
280,3,582,151,41,135,1,-1,-1,-1
281,3,581,151,44,136,1,-1,-1,-1
282,3,581,151,45,136,1,-1,-1,-1
283,3,579,151,50,136,1,-1,-1,-1
284,3,580,152,51,136,1,-1,-1,-1
285,3,578,153,56,137,1,-1,-1,-1
286,3,579,154,57,138,1,-1,-1,-1
287,3,579,155,57,139,1,-1,-1,-1
288,3,579,155,59,139,1,-1,-1,-1
289,3,581,156,58,141,1,-1,-1,-1
290,3,581,158,58,141,1,-1,-1,-1
291,3,583,157,57,143,1,-1,-1,-1
292,3,587,157,54,142,1,-1,-1,-1
293,3,588,157,55,144,1,-1,-1,-1
294,3,593,157,50,144,1,-1,-1,-1
295,3,599,157,46,143,1,-1,-1,-1
296,3,600,157,44,147,1,-1,-1,-1
297,3,602,158,44,148,1,-1,-1,-1
298,3,603,158,44,150,1,-1,-1,-1
299,3,603,158,47,153,1,-1,-1,-1
300,3,605,160,45,152,1,-1,-1,-1
301,3,606,160,46,153,1,-1,-1,-1
302,3,608,160,46,155,1,-1,-1,-1
303,3,610,160,47,156,1,-1,-1,-1
304,3,608,160,52,154,1,-1,-1,-1
305,3,606,161,56,155,1,-1,-1,-1
306,3,605,161,59,157,1,-1,-1,-1
307,3,604,160,62,162,1,-1,-1,-1
308,3,604,162,63,164,1,-1,-1,-1
309,3,606,163,63,166,1,-1,-1,-1
310,3,608,165,63,167,1,-1,-1,-1
311,3,610,165,62,169,1,-1,-1,-1
312,3,613,165,61,171,1,-1,-1,-1
313,3,615,166,62,169,1,-1,-1,-1
314,3,618,165,62,171,1,-1,-1,-1
315,3,623,165,58,171,1,-1,-1,-1
316,3,629,165,56,171,1,-1,-1,-1
317,3,633,165,55,174,1,-1,-1,-1
318,3,634,166,56,177,1,-1,-1,-1
319,3,636,167,60,180,1,-1,-1,-1
320,3,636,168,65,182,1,-1,-1,-1
321,3,638,170,64,182,1,-1,-1,-1
322,3,639,171,63,184,1,-1,-1,-1
323,3,641,171,67,186,1,-1,-1,-1
324,3,646,171,67,187,1,-1,-1,-1
325,3,654,170,65,188,1,-1,-1,-1
326,3,660,171,63,186,1,-1,-1,-1
327,3,660,171,67,186,1,-1,-1,-1
328,3,660,171,71,195,1,-1,-1,-1
329,3,658,173,77,198,1,-1,-1,-1
330,3,659,175,78,200,1,-1,-1,-1
331,3,660,177,79,201,1,-1,-1,-1
332,3,663,179,78,203,1,-1,-1,-1
333,3,666,179,79,207,1,-1,-1,-1
334,3,671,179,79,207,1,-1,-1,-1
335,3,678,177,75,209,1,-1,-1,-1
336,3,687,178,72,209,1,-1,-1,-1
337,3,696,177,67,211,1,-1,-1,-1
338,3,701,178,65,209,1,-1,-1,-1
339,3,703,178,66,216,1,-1,-1,-1
340,3,706,180,67,220,1,-1,-1,-1
341,3,707,181,78,224,1,-1,-1,-1
342,3,708,183,80,226,1,-1,-1,-1
343,3,708,185,80,228,1,-1,-1,-1
344,3,711,187,79,232,1,-1,-1,-1
345,3,714,186,84,234,1,-1,-1,-1
346,3,719,186,86,234,1,-1,-1,-1
347,3,727,188,84,232,1,-1,-1,-1
348,3,738,189,78,232,1,-1,-1,-1
349,3,745,189,76,231,1,-1,-1,-1
350,3,740,190,88,243,1,-1,-1,-1
351,3,737,193,98,250,1,-1,-1,-1
352,3,735,195,106,252,1,-1,-1,-1
353,3,734,198,112,255,1,-1,-1,-1
354,3,737,200,114,259,1,-1,-1,-1
355,3,744,200,110,266,1,-1,-1,-1
356,3,749,201,107,265,1,-1,-1,-1
357,3,760,201,99,267,1,-1,-1,-1
358,3,773,200,92,267,1,-1,-1,-1
359,3,790,200,80,267,1,-1,-1,-1
360,3,796,202,80,265,1,-1,-1,-1
361,3,796,204,86,270,1,-1,-1,-1
362,3,797,206,92,281,1,-1,-1,-1
363,3,798,210,112,282,1,-1,-1,-1
364,3,798,214,125,284,1,-1,-1,-1
365,3,799,217,126,289,1,-1,-1,-1
366,3,804,220,120,293,1,-1,-1,-1
367,3,812,222,124,295,1,-1,-1,-1
368,3,822,225,123,291,1,-1,-1,-1
369,3,841,224,114,292,1,-1,-1,-1
370,3,859,227,105,290,1,-1,-1,-1
371,3,879,227,93,294,1,-1,-1,-1
372,3,873,232,110,311,1,-1,-1,-1
373,3,871,236,122,321,1,-1,-1,-1
374,3,872,244,131,318,1,-1,-1,-1
375,3,877,247,137,326,1,-1,-1,-1
376,3,885,253,141,328,1,-1,-1,-1
377,3,893,256,146,333,1,-1,-1,-1
378,3,901,258,149,332,1,-1,-1,-1
379,3,917,259,143,331,1,-1,-1,-1
380,3,934,260,128,329,1,-1,-1,-1
381,3,950,261,119,331,1,-1,-1,-1
382,3,954,264,125,327,1,-1,-1,-1
383,3,956,266,133,327,1,-1,-1,-1
384,3,957,274,142,340,1,-1,-1,-1
385,3,956,277,154,350,1,-1,-1,-1
386,3,958,283,162,353,1,-1,-1,-1
387,3,959,290,175,358,1,-1,-1,-1
388,3,961,294,186,363,1,-1,-1,-1
389,3,969,299,190,362,1,-1,-1,-1
390,3,981,302,191,360,1,-1,-1,-1
391,3,1000,307,185,353,1,-1,-1,-1
392,3,1018,308,178,356,1,-1,-1,-1
393,3,1042,313,163,367,1,-1,-1,-1
394,3,1048,319,169,369,1,-1,-1,-1
395,3,1048,326,180,389,1,-1,-1,-1
396,3,1048,333,191,397,1,-1,-1,-1
397,3,1049,342,202,394,1,-1,-1,-1
398,3,1053,350,211,395,1,-1,-1,-1
399,3,1055,354,222,401,1,-1,-1,-1
400,3,1073,360,206,397,1,-1,-1,-1
401,3,1093,363,186,394,1,-1,-1,-1
402,3,1113,370,166,385,1,-1,-1,-1
403,3,1136,388,143,368,1,-1,-1,-1
1,4,349,126,14,32,1,-1,-1,-1
2,4,348,126,14,32,1,-1,-1,-1
3,4,347,126,14,32,1,-1,-1,-1
4,4,346,126,14,32,1,-1,-1,-1
5,4,345,126,14,32,1,-1,-1,-1
6,4,344,125,14,35,1,-1,-1,-1
7,4,344,126,14,32,1,-1,-1,-1
8,4,343,126,14,32,1,-1,-1,-1
9,4,342,126,14,32,1,-1,-1,-1
10,4,341,126,14,33,1,-1,-1,-1
11,4,337,126,20,33,1,-1,-1,-1
12,4,336,126,20,33,1,-1,-1,-1
13,4,335,126,20,34,1,-1,-1,-1
14,4,335,126,21,33,1,-1,-1,-1
15,4,335,126,15,33,1,-1,-1,-1
16,4,336,125,13,33,1,-1,-1,-1
17,4,335,125,13,34,1,-1,-1,-1
18,4,335,124,14,34,1,-1,-1,-1
19,4,334,125,15,34,1,-1,-1,-1
20,4,333,124,15,34,1,-1,-1,-1
21,4,333,124,12,36,1,-1,-1,-1
22,4,330,124,15,34,1,-1,-1,-1
23,4,329,124,16,35,1,-1,-1,-1
24,4,327,124,16,37,1,-1,-1,-1
25,4,325,124,17,38,1,-1,-1,-1
26,4,322,125,19,37,1,-1,-1,-1
27,4,321,125,22,37,1,-1,-1,-1
28,4,322,126,21,36,1,-1,-1,-1
29,4,320,126,22,38,1,-1,-1,-1
30,4,320,126,21,38,1,-1,-1,-1
31,4,319,126,21,36,1,-1,-1,-1
32,4,319,126,20,37,1,-1,-1,-1
33,4,319,126,22,38,1,-1,-1,-1
34,4,319,126,19,38,1,-1,-1,-1
35,4,318,127,18,35,1,-1,-1,-1
36,4,318,127,19,37,1,-1,-1,-1
37,4,318,127,17,38,1,-1,-1,-1
38,4,318,126,16,36,1,-1,-1,-1
39,4,318,126,16,36,1,-1,-1,-1
41,4,317,126,16,36,1,-1,-1,-1
42,4,316,126,18,36,1,-1,-1,-1
43,4,315,126,18,36,1,-1,-1,-1
44,4,315,127,18,37,1,-1,-1,-1
65,4,315,126,18,38,1,-1,-1,-1
66,4,317,126,15,38,1,-1,-1,-1
76,4,317,126,13,38,1,-1,-1,-1
81,4,317,126,11,38,1,-1,-1,-1
84,4,315,126,12,38,1,-1,-1,-1
89,4,315,126,9,38,1,-1,-1,-1
91,4,312,126,10,38,1,-1,-1,-1
97,4,313,130,9,33,1,-1,-1,-1
